0 0.072754 0.315749 0.049805 0.076453
0 0.182617 0.359709 0.062500 0.083333
0 0.130859 0.727064 0.185547 0.221713
0 0.360596 0.431957 0.079590 0.125382
0 0.545898 0.424312 0.068359 0.114679
0 0.742676 0.412462 0.059570 0.124618
0 0.893066 0.480505 0.099609 0.161315
0 0.889648 0.792049 0.220703 0.370031
0 0.372314 0.176223 0.041504 0.068043
0 0.402832 0.114679 0.021484 0.038226
0 0.443604 0.146407 0.023926 0.043578
0 0.503418 0.079893 0.025391 0.040520
0 0.542236 0.074924 0.024902 0.048930
0 0.558594 0.129205 0.030273 0.038226
0 0.596680 0.138379 0.028320 0.048930
0 0.597900 0.093654 0.020996 0.029817
