0 0.860000 0.263333 0.090000 0.140000
0 0.953750 0.336667 0.047500 0.080000
0 0.792500 0.298333 0.050000 0.083333
0 0.740000 0.278333 0.045000 0.070000
0 0.766250 0.365000 0.067500 0.090000
0 0.673750 0.296667 0.047500 0.080000
0 0.692500 0.263333 0.040000 0.066667
0 0.598750 0.308333 0.052500 0.083333
0 0.616250 0.240000 0.032500 0.046667
0 0.526250 0.218333 0.042500 0.063333
0 0.422500 0.208333 0.030000 0.050000
0 0.500000 0.298333 0.060000 0.083333
0 0.408750 0.286667 0.052500 0.093333
0 0.467500 0.410000 0.085000 0.126667
0 0.608750 0.413333 0.082500 0.093333
0 0.367500 0.345000 0.075000 0.096667
0 0.281250 0.271667 0.047500 0.063333
0 0.207500 0.465000 0.115000 0.110000
0 0.135000 0.383333 0.070000 0.093333
0 0.246250 0.243333 0.042500 0.073333
0 0.203750 0.255000 0.037500 0.063333
0 0.135000 0.231667 0.030000 0.056667
0 0.056250 0.291667 0.052500 0.083333
0 0.136250 0.330000 0.062500 0.086667
0 0.170000 0.295000 0.045000 0.070000
0 0.170000 0.253333 0.035000 0.053333
0 0.043750 0.270000 0.042500 0.073333
0 0.058750 0.245000 0.027500 0.056667
