0 0.059000 0.299127 0.060000 0.082969
0 0.115000 0.349345 0.064000 0.093159
0 0.222000 0.407569 0.096000 0.125182
0 0.409500 0.393741 0.087000 0.120815
0 0.274000 0.326783 0.060000 0.088792
0 0.214500 0.302766 0.059000 0.087336
0 0.289500 0.250364 0.037000 0.052402
0 0.334000 0.246725 0.030000 0.048035
0 0.376500 0.253275 0.023000 0.046579
0 0.404500 0.257642 0.031000 0.052402
0 0.427000 0.288210 0.044000 0.075691
0 0.464500 0.260553 0.033000 0.058224
0 0.520000 0.264192 0.048000 0.077147
0 0.585500 0.259825 0.033000 0.059680
0 0.607500 0.305677 0.061000 0.090247
0 0.643000 0.257642 0.030000 0.058224
0 0.681000 0.299854 0.058000 0.081514
0 0.695000 0.262009 0.028000 0.049491
0 0.706000 0.248180 0.016000 0.036390
0 0.744500 0.271470 0.031000 0.056769
0 0.760500 0.320961 0.039000 0.068413
0 0.793500 0.269287 0.031000 0.055313
0 0.816000 0.340611 0.082000 0.101892
0 0.897500 0.301310 0.063000 0.096070
0 0.846500 0.267831 0.029000 0.055313
0 0.928000 0.295488 0.028000 0.061135
0 0.964000 0.332606 0.052000 0.077147
0 0.963500 0.279476 0.033000 0.058224
0 0.985500 0.281659 0.013000 0.030568
