0 0.688438 0.238333 0.034375 0.072222
0 0.772813 0.247222 0.040625 0.085556
0 0.821250 0.250000 0.042500 0.100000
0 0.913438 0.268889 0.051875 0.091111
0 0.495937 0.273889 0.033125 0.067778
0 0.535312 0.272222 0.036875 0.091111
0 0.589063 0.292778 0.051875 0.110000
0 0.662188 0.312778 0.048125 0.101111
0 0.730938 0.360556 0.055625 0.121111
0 0.896875 0.362222 0.058750 0.126667
0 0.249688 0.271667 0.031875 0.067778
0 0.273750 0.293333 0.045000 0.115556
0 0.331875 0.324444 0.057500 0.106667
0 0.389375 0.377222 0.051250 0.123333
0 0.498437 0.411111 0.078125 0.155556
0 0.653438 0.456111 0.069375 0.165556
0 0.819063 0.518889 0.101875 0.197778
0 0.168750 0.230000 0.090000 0.151111
0 0.132500 0.885556 0.218750 0.228889
0 0.069062 0.725556 0.134375 0.206667
0 0.013437 0.558333 0.025625 0.183333
