0 0.128516 0.265972 0.050781 0.115278
0 0.202734 0.308333 0.061719 0.122222
0 0.266797 0.359028 0.067969 0.140278
0 0.350781 0.349306 0.082812 0.151389
0 0.218359 0.723611 0.146094 0.280556
0 0.474219 0.279167 0.025000 0.075000
0 0.500781 0.339583 0.075000 0.179167
0 0.554297 0.290972 0.046094 0.087500
0 0.653516 0.263194 0.055469 0.109722
0 0.686719 0.278472 0.034375 0.073611
0 0.748437 0.280556 0.053125 0.086111
0 0.758203 0.247222 0.042969 0.052778
0 0.817969 0.226389 0.026562 0.055556
0 0.829688 0.272222 0.037500 0.094444
0 0.891016 0.254861 0.035156 0.079167
0 0.928125 0.324306 0.067187 0.143056
0 0.975000 0.283333 0.050000 0.105556
0 0.739453 0.409028 0.089844 0.204167
