0 0.070000 0.122912 0.060000 0.126492
0 0.135625 0.145585 0.066250 0.114558
0 0.207500 0.122912 0.062500 0.112172
0 0.206250 0.220764 0.070000 0.136038
0 0.169375 0.350835 0.088750 0.181384
0 0.037500 0.385442 0.072500 0.212411
0 0.301250 0.233890 0.072500 0.152745
0 0.370625 0.210024 0.071250 0.152745
0 0.330000 0.397375 0.110000 0.241050
0 0.311250 0.673031 0.177500 0.319809
0 0.493125 0.241050 0.066250 0.152745
0 0.565000 0.443914 0.112500 0.233890
0 0.572500 0.335322 0.087500 0.126492
0 0.731250 0.258950 0.090000 0.174224
0 0.750000 0.383055 0.090000 0.188544
0 0.800000 0.542959 0.110000 0.264916
0 0.959375 0.319809 0.081250 0.186158
0 0.987500 0.433174 0.025000 0.212411
