0 0.058411 0.231897 0.114953 0.267241
0 0.198598 0.398276 0.043925 0.117241
0 0.214019 0.463793 0.039252 0.093103
0 0.277570 0.423276 0.041121 0.115517
0 0.341589 0.438793 0.049533 0.129310
0 0.316822 0.376724 0.041121 0.094828
0 0.370561 0.372414 0.036449 0.106897
0 0.422430 0.374138 0.035514 0.117241
0 0.445794 0.435345 0.042991 0.143103
0 0.484579 0.368103 0.043925 0.108621
0 0.515888 0.357759 0.042991 0.122414
0 0.441121 0.622414 0.078505 0.200000
0 0.507944 0.699138 0.081308 0.250000
0 0.579907 0.746552 0.107477 0.275862
0 0.621028 0.551724 0.079439 0.193103
0 0.718224 0.747414 0.109346 0.277586
0 0.724766 0.579310 0.081308 0.210345
0 0.838318 0.637931 0.099065 0.234483
0 0.978972 0.767241 0.042056 0.255172
0 0.865421 0.895690 0.140187 0.208621
0 0.761215 0.462069 0.064486 0.158621
0 0.862617 0.488793 0.061682 0.122414
0 0.922430 0.486207 0.046729 0.134483
0 0.966355 0.581034 0.048598 0.148276
0 0.828505 0.482759 0.021495 0.093103
0 0.820093 0.447414 0.027103 0.091379
