0 0.747656 0.525842 0.060937 0.101018
0 0.744010 0.391934 0.044271 0.069695
0 0.877344 0.402897 0.048438 0.080658
0 0.930729 0.421691 0.044792 0.082224
0 0.930469 0.520360 0.074479 0.099452
0 0.984375 0.427173 0.031250 0.066562
0 0.650260 0.314409 0.045312 0.083790
0 0.529687 0.310102 0.032292 0.059514
0 0.464062 0.350822 0.037500 0.056382
0 0.295052 0.379796 0.039062 0.079875
0 0.118229 0.388410 0.065625 0.070478
0 0.053125 0.393892 0.055208 0.079875
0 0.028125 0.525842 0.055208 0.126077
0 0.684635 0.650352 0.111979 0.141738
