0 0.074961 0.532178 0.097372 0.138614
0 0.249614 0.476485 0.091190 0.160891
0 0.458269 0.502475 0.085008 0.163366
0 0.672334 0.540842 0.105100 0.180693
0 0.838485 0.488861 0.109737 0.175743
0 0.969088 0.476485 0.061824 0.185644
0 0.197063 0.353960 0.066461 0.123762
0 0.316074 0.347772 0.060278 0.096535
0 0.037867 0.266089 0.066461 0.106436
0 0.446677 0.345297 0.061824 0.116337
0 0.701700 0.332921 0.055641 0.106436
0 0.835394 0.351485 0.072643 0.108911
0 0.976816 0.251238 0.046368 0.116337
0 0.993045 0.150990 0.013910 0.059406
0 0.049459 0.215347 0.049459 0.079208
0 0.062597 0.155941 0.038640 0.054455
0 0.140649 0.214109 0.043277 0.066832
0 0.141422 0.153465 0.044822 0.059406
0 0.204019 0.164604 0.037094 0.047030
0 0.258887 0.128713 0.026275 0.044554
0 0.195518 0.129950 0.023184 0.027228
0 0.213292 0.113861 0.027821 0.054455
0 0.240340 0.108911 0.023184 0.049505
0 0.234930 0.085396 0.024730 0.042079
0 0.278207 0.115099 0.027821 0.051980
0 0.277434 0.079208 0.020093 0.039604
0 0.313756 0.099010 0.021638 0.049505
0 0.325348 0.076733 0.010819 0.029703
0 0.346213 0.077970 0.018547 0.042079
0 0.305255 0.074257 0.020093 0.029703
0 0.264297 0.261139 0.058733 0.106436
0 0.317620 0.206683 0.035549 0.061881
0 0.374807 0.248762 0.044822 0.086634
0 0.478362 0.241337 0.051005 0.081683
0 0.579598 0.240099 0.043277 0.084158
0 0.673879 0.248762 0.043277 0.101485
0 0.781298 0.225248 0.051005 0.103960
0 0.870170 0.211634 0.037094 0.096535
0 0.388717 0.179455 0.035549 0.071782
0 0.353941 0.139851 0.030912 0.051980
0 0.378671 0.117574 0.021638 0.051980
0 0.404173 0.076733 0.017002 0.034653
0 0.397991 0.120050 0.023184 0.047030
0 0.424266 0.154703 0.029366 0.061881
0 0.438176 0.117574 0.026275 0.051980
0 0.453632 0.091584 0.023184 0.034653
0 0.457496 0.074257 0.024730 0.044554
0 0.554096 0.188119 0.035549 0.069307
0 0.460587 0.196782 0.027821 0.056931
0 0.522411 0.147277 0.034003 0.056931
0 0.509274 0.113861 0.020093 0.049505
0 0.493045 0.075495 0.021638 0.047030
0 0.502318 0.053218 0.012365 0.032178
0 0.907264 0.167079 0.034003 0.061881
0 0.927357 0.123762 0.034003 0.064356
0 0.839258 0.167079 0.034003 0.061881
0 0.854714 0.132426 0.024730 0.056931
0 0.779753 0.134901 0.029366 0.051980
0 0.797527 0.107673 0.024730 0.051980
0 0.819938 0.086634 0.026275 0.049505
0 0.773570 0.095297 0.023184 0.042079
0 0.534003 0.080446 0.023184 0.042079
0 0.546368 0.066832 0.017002 0.034653
0 0.552550 0.118812 0.029366 0.059406
0 0.594281 0.152228 0.029366 0.066832
0 0.641422 0.190594 0.027821 0.069307
0 0.666151 0.158416 0.024730 0.049505
0 0.577280 0.090347 0.017002 0.042079
0 0.594281 0.064356 0.013910 0.039604
0 0.615147 0.105198 0.024730 0.037129
0 0.624420 0.079208 0.018547 0.034653
0 0.663060 0.095297 0.021638 0.056931
0 0.676198 0.123762 0.013910 0.049505
0 0.709428 0.141089 0.024730 0.054455
0 0.723338 0.190594 0.034003 0.064356
0 0.740340 0.110149 0.021638 0.056931
0 0.717929 0.077970 0.017002 0.042079
0 0.706337 0.061881 0.012365 0.029703
0 0.734158 0.076733 0.012365 0.029703
0 0.684699 0.080446 0.015456 0.037129
